Timestamp,Role,Model,Input Tokens,Output Tokens,Total Tokens,Est. Cost ($)
2025-12-13 20:56:21,scorer,qwen2.5:7b,960417,2025942,2986359,0.00000
2025-12-13 20:56:21,optimizer,qwen2.5:32b,490766,176108,666874,0.00000
